# Created by Octave 3.4.0, Thu Jan 22 14:51:58 2015 CST <admin@MacBook-Air.local>
# name: v
# type: matrix
# rows: 10
# columns: 1
 3999
 3299
 3690
 2320
 5399
 2999
 3149
 1989
 2120
 2425


